// Isobaric data for CO2 at Pressure = 14.40 MPa

mixture
{
    specie
    {
        nMoles          1;
        molWeight       44.01;
    }
    equationOfState
    {
        rho
        (
(600.0	129.98)
(601.0	129.71)
(602.0	129.45)
(603.0	129.18)
(604.0	128.92)
(605.0	128.65)
(606.0	128.39)
(607.0	128.13)
(608.0	127.87)
(609.0	127.61)
(610.0	127.35)
(611.0	127.1)
(612.0	126.84)
(613.0	126.59)
(614.0	126.34)
(615.0	126.09)
(616.0	125.84)
(617.0	125.59)
(618.0	125.34)
(619.0	125.09)
(620.0	124.85)
(621.0	124.6)
(622.0	124.36)
(623.0	124.12)
(624.0	123.88)
(625.0	123.64)
(626.0	123.4)
(627.0	123.16)
(628.0	122.93)
(629.0	122.69)
(630.0	122.46)
(631.0	122.22)
(632.0	121.99)
(633.0	121.76)
(634.0	121.53)
(635.0	121.3)
(636.0	121.07)
(637.0	120.84)
(638.0	120.62)
(639.0	120.39)
(640.0	120.17)
(641.0	119.95)
(642.0	119.72)
(643.0	119.5)
(644.0	119.28)
(645.0	119.06)
(646.0	118.85)
(647.0	118.63)
(648.0	118.41)
(649.0	118.2)
(650.0	117.98)
(651.0	117.77)
(652.0	117.55)
(653.0	117.34)
(654.0	117.13)
(655.0	116.92)
(656.0	116.71)
(657.0	116.5)
(658.0	116.3)
(659.0	116.09)
(660.0	115.88)
(661.0	115.68)
(662.0	115.47)
(663.0	115.27)
(664.0	115.07)
(665.0	114.87)
(666.0	114.66)
(667.0	114.46)
(668.0	114.27)
(669.0	114.07)
(670.0	113.87)
(671.0	113.67)
(672.0	113.48)
(673.0	113.28)
(674.0	113.09)
(675.0	112.89)
(676.0	112.7)
(677.0	112.51)
(678.0	112.32)
(679.0	112.13)
(680.0	111.94)
(681.0	111.75)
(682.0	111.56)
(683.0	111.37)
(684.0	111.18)
(685.0	111.0)
(686.0	110.81)
(687.0	110.63)
(688.0	110.44)
(689.0	110.26)
(690.0	110.07)
(691.0	109.89)
(692.0	109.71)
(693.0	109.53)
(694.0	109.35)
(695.0	109.17)
(696.0	108.99)
(697.0	108.81)
(698.0	108.64)
(699.0	108.46)
(700.0	108.28)
(701.0	108.11)
(702.0	107.93)
(703.0	107.76)
(704.0	107.59)
(705.0	107.41)
(706.0	107.24)
(707.0	107.07)
(708.0	106.9)
(709.0	106.73)
(710.0	106.56)
(711.0	106.39)
(712.0	106.22)
(713.0	106.05)
(714.0	105.89)
(715.0	105.72)
(716.0	105.55)
(717.0	105.39)
(718.0	105.22)
(719.0	105.06)
(720.0	104.89)
(721.0	104.73)
(722.0	104.57)
(723.0	104.41)
(724.0	104.24)
(725.0	104.08)
(726.0	103.92)
(727.0	103.76)
(728.0	103.6)
(729.0	103.45)
(730.0	103.29)
(731.0	103.13)
(732.0	102.97)
(733.0	102.82)
(734.0	102.66)
(735.0	102.5)
(736.0	102.35)
(737.0	102.19)
(738.0	102.04)
(739.0	101.89)
(740.0	101.73)
(741.0	101.58)
(742.0	101.43)
(743.0	101.28)
(744.0	101.13)
(745.0	100.98)
(746.0	100.83)
(747.0	100.68)
(748.0	100.53)
(749.0	100.38)
(750.0	100.23)
(751.0	100.09)
(752.0	99.94)
(753.0	99.793)
(754.0	99.647)
(755.0	99.502)
(756.0	99.357)
(757.0	99.213)
(758.0	99.069)
(759.0	98.925)
(760.0	98.782)
(761.0	98.639)
(762.0	98.497)
(763.0	98.355)
(764.0	98.214)
(765.0	98.073)
(766.0	97.933)
(767.0	97.793)
(768.0	97.654)
(769.0	97.515)
(770.0	97.376)
(771.0	97.238)
(772.0	97.1)
(773.0	96.963)
(774.0	96.826)
(775.0	96.69)
(776.0	96.554)
(777.0	96.418)
(778.0	96.283)
(779.0	96.148)
(780.0	96.014)
(781.0	95.88)
(782.0	95.747)
(783.0	95.614)
(784.0	95.481)
(785.0	95.349)
(786.0	95.217)
(787.0	95.086)
(788.0	94.955)
(789.0	94.824)
(790.0	94.694)
(791.0	94.564)
(792.0	94.434)
(793.0	94.305)
(794.0	94.177)
(795.0	94.048)
(796.0	93.921)
(797.0	93.793)
(798.0	93.666)
(799.0	93.539)
(800.0	93.413)
        );
    }
    thermodynamics
    {
        Hf              0;
        Sf              0;
        Cp
        (
(600.0	1191.6)
(601.0	1191.5)
(602.0	1191.5)
(603.0	1191.4)
(604.0	1191.4)
(605.0	1191.3)
(606.0	1191.3)
(607.0	1191.2)
(608.0	1191.2)
(609.0	1191.2)
(610.0	1191.2)
(611.0	1191.1)
(612.0	1191.1)
(613.0	1191.1)
(614.0	1191.1)
(615.0	1191.1)
(616.0	1191.1)
(617.0	1191.1)
(618.0	1191.1)
(619.0	1191.1)
(620.0	1191.1)
(621.0	1191.1)
(622.0	1191.1)
(623.0	1191.2)
(624.0	1191.2)
(625.0	1191.2)
(626.0	1191.2)
(627.0	1191.3)
(628.0	1191.3)
(629.0	1191.3)
(630.0	1191.4)
(631.0	1191.4)
(632.0	1191.5)
(633.0	1191.5)
(634.0	1191.6)
(635.0	1191.6)
(636.0	1191.7)
(637.0	1191.7)
(638.0	1191.8)
(639.0	1191.8)
(640.0	1191.9)
(641.0	1192.0)
(642.0	1192.0)
(643.0	1192.1)
(644.0	1192.2)
(645.0	1192.3)
(646.0	1192.4)
(647.0	1192.4)
(648.0	1192.5)
(649.0	1192.6)
(650.0	1192.7)
(651.0	1192.8)
(652.0	1192.9)
(653.0	1193.0)
(654.0	1193.1)
(655.0	1193.2)
(656.0	1193.3)
(657.0	1193.4)
(658.0	1193.5)
(659.0	1193.6)
(660.0	1193.7)
(661.0	1193.8)
(662.0	1193.9)
(663.0	1194.0)
(664.0	1194.1)
(665.0	1194.3)
(666.0	1194.4)
(667.0	1194.5)
(668.0	1194.6)
(669.0	1194.7)
(670.0	1194.9)
(671.0	1195.0)
(672.0	1195.1)
(673.0	1195.3)
(674.0	1195.4)
(675.0	1195.5)
(676.0	1195.7)
(677.0	1195.8)
(678.0	1195.9)
(679.0	1196.1)
(680.0	1196.2)
(681.0	1196.4)
(682.0	1196.5)
(683.0	1196.6)
(684.0	1196.8)
(685.0	1196.9)
(686.0	1197.1)
(687.0	1197.2)
(688.0	1197.4)
(689.0	1197.5)
(690.0	1197.7)
(691.0	1197.9)
(692.0	1198.0)
(693.0	1198.2)
(694.0	1198.3)
(695.0	1198.5)
(696.0	1198.7)
(697.0	1198.8)
(698.0	1199.0)
(699.0	1199.1)
(700.0	1199.3)
(701.0	1199.5)
(702.0	1199.6)
(703.0	1199.8)
(704.0	1200.0)
(705.0	1200.2)
(706.0	1200.3)
(707.0	1200.5)
(708.0	1200.7)
(709.0	1200.9)
(710.0	1201.0)
(711.0	1201.2)
(712.0	1201.4)
(713.0	1201.6)
(714.0	1201.7)
(715.0	1201.9)
(716.0	1202.1)
(717.0	1202.3)
(718.0	1202.5)
(719.0	1202.7)
(720.0	1202.8)
(721.0	1203.0)
(722.0	1203.2)
(723.0	1203.4)
(724.0	1203.6)
(725.0	1203.8)
(726.0	1204.0)
(727.0	1204.1)
(728.0	1204.3)
(729.0	1204.5)
(730.0	1204.7)
(731.0	1204.9)
(732.0	1205.1)
(733.0	1205.3)
(734.0	1205.5)
(735.0	1205.7)
(736.0	1205.9)
(737.0	1206.1)
(738.0	1206.3)
(739.0	1206.5)
(740.0	1206.7)
(741.0	1206.9)
(742.0	1207.1)
(743.0	1207.3)
(744.0	1207.5)
(745.0	1207.7)
(746.0	1207.9)
(747.0	1208.1)
(748.0	1208.3)
(749.0	1208.5)
(750.0	1208.7)
(751.0	1208.9)
(752.0	1209.1)
(753.0	1209.3)
(754.0	1209.5)
(755.0	1209.7)
(756.0	1209.9)
(757.0	1210.1)
(758.0	1210.3)
(759.0	1210.6)
(760.0	1210.8)
(761.0	1211.0)
(762.0	1211.2)
(763.0	1211.4)
(764.0	1211.6)
(765.0	1211.8)
(766.0	1212.0)
(767.0	1212.2)
(768.0	1212.4)
(769.0	1212.7)
(770.0	1212.9)
(771.0	1213.1)
(772.0	1213.3)
(773.0	1213.5)
(774.0	1213.7)
(775.0	1213.9)
(776.0	1214.2)
(777.0	1214.4)
(778.0	1214.6)
(779.0	1214.8)
(780.0	1215.0)
(781.0	1215.2)
(782.0	1215.4)
(783.0	1215.7)
(784.0	1215.9)
(785.0	1216.1)
(786.0	1216.3)
(787.0	1216.5)
(788.0	1216.7)
(789.0	1217.0)
(790.0	1217.2)
(791.0	1217.4)
(792.0	1217.6)
(793.0	1217.8)
(794.0	1218.1)
(795.0	1218.3)
(796.0	1218.5)
(797.0	1218.7)
(798.0	1218.9)
(799.0	1219.2)
(800.0	1219.4)
        );
    }
    transport
    {
        mu
        (
(600.0	3.0119e-05)
(601.0	3.015e-05)
(602.0	3.0182e-05)
(603.0	3.0214e-05)
(604.0	3.0245e-05)
(605.0	3.0277e-05)
(606.0	3.0309e-05)
(607.0	3.0341e-05)
(608.0	3.0372e-05)
(609.0	3.0404e-05)
(610.0	3.0436e-05)
(611.0	3.0467e-05)
(612.0	3.0499e-05)
(613.0	3.0531e-05)
(614.0	3.0563e-05)
(615.0	3.0594e-05)
(616.0	3.0626e-05)
(617.0	3.0658e-05)
(618.0	3.0689e-05)
(619.0	3.0721e-05)
(620.0	3.0753e-05)
(621.0	3.0785e-05)
(622.0	3.0816e-05)
(623.0	3.0848e-05)
(624.0	3.088e-05)
(625.0	3.0911e-05)
(626.0	3.0943e-05)
(627.0	3.0975e-05)
(628.0	3.1007e-05)
(629.0	3.1038e-05)
(630.0	3.107e-05)
(631.0	3.1102e-05)
(632.0	3.1133e-05)
(633.0	3.1165e-05)
(634.0	3.1197e-05)
(635.0	3.1229e-05)
(636.0	3.126e-05)
(637.0	3.1292e-05)
(638.0	3.1324e-05)
(639.0	3.1355e-05)
(640.0	3.1387e-05)
(641.0	3.1419e-05)
(642.0	3.145e-05)
(643.0	3.1482e-05)
(644.0	3.1514e-05)
(645.0	3.1545e-05)
(646.0	3.1577e-05)
(647.0	3.1609e-05)
(648.0	3.164e-05)
(649.0	3.1672e-05)
(650.0	3.1703e-05)
(651.0	3.1735e-05)
(652.0	3.1767e-05)
(653.0	3.1798e-05)
(654.0	3.183e-05)
(655.0	3.1861e-05)
(656.0	3.1893e-05)
(657.0	3.1925e-05)
(658.0	3.1956e-05)
(659.0	3.1988e-05)
(660.0	3.2019e-05)
(661.0	3.2051e-05)
(662.0	3.2083e-05)
(663.0	3.2114e-05)
(664.0	3.2146e-05)
(665.0	3.2177e-05)
(666.0	3.2209e-05)
(667.0	3.224e-05)
(668.0	3.2272e-05)
(669.0	3.2303e-05)
(670.0	3.2335e-05)
(671.0	3.2366e-05)
(672.0	3.2398e-05)
(673.0	3.2429e-05)
(674.0	3.2461e-05)
(675.0	3.2492e-05)
(676.0	3.2524e-05)
(677.0	3.2555e-05)
(678.0	3.2586e-05)
(679.0	3.2618e-05)
(680.0	3.2649e-05)
(681.0	3.2681e-05)
(682.0	3.2712e-05)
(683.0	3.2744e-05)
(684.0	3.2775e-05)
(685.0	3.2806e-05)
(686.0	3.2838e-05)
(687.0	3.2869e-05)
(688.0	3.29e-05)
(689.0	3.2932e-05)
(690.0	3.2963e-05)
(691.0	3.2994e-05)
(692.0	3.3026e-05)
(693.0	3.3057e-05)
(694.0	3.3088e-05)
(695.0	3.312e-05)
(696.0	3.3151e-05)
(697.0	3.3182e-05)
(698.0	3.3213e-05)
(699.0	3.3245e-05)
(700.0	3.3276e-05)
(701.0	3.3307e-05)
(702.0	3.3338e-05)
(703.0	3.337e-05)
(704.0	3.3401e-05)
(705.0	3.3432e-05)
(706.0	3.3463e-05)
(707.0	3.3494e-05)
(708.0	3.3526e-05)
(709.0	3.3557e-05)
(710.0	3.3588e-05)
(711.0	3.3619e-05)
(712.0	3.365e-05)
(713.0	3.3681e-05)
(714.0	3.3712e-05)
(715.0	3.3744e-05)
(716.0	3.3775e-05)
(717.0	3.3806e-05)
(718.0	3.3837e-05)
(719.0	3.3868e-05)
(720.0	3.3899e-05)
(721.0	3.393e-05)
(722.0	3.3961e-05)
(723.0	3.3992e-05)
(724.0	3.4023e-05)
(725.0	3.4054e-05)
(726.0	3.4085e-05)
(727.0	3.4116e-05)
(728.0	3.4147e-05)
(729.0	3.4178e-05)
(730.0	3.4209e-05)
(731.0	3.424e-05)
(732.0	3.4271e-05)
(733.0	3.4302e-05)
(734.0	3.4332e-05)
(735.0	3.4363e-05)
(736.0	3.4394e-05)
(737.0	3.4425e-05)
(738.0	3.4456e-05)
(739.0	3.4487e-05)
(740.0	3.4518e-05)
(741.0	3.4548e-05)
(742.0	3.4579e-05)
(743.0	3.461e-05)
(744.0	3.4641e-05)
(745.0	3.4672e-05)
(746.0	3.4702e-05)
(747.0	3.4733e-05)
(748.0	3.4764e-05)
(749.0	3.4795e-05)
(750.0	3.4825e-05)
(751.0	3.4856e-05)
(752.0	3.4887e-05)
(753.0	3.4917e-05)
(754.0	3.4948e-05)
(755.0	3.4979e-05)
(756.0	3.5009e-05)
(757.0	3.504e-05)
(758.0	3.5071e-05)
(759.0	3.5101e-05)
(760.0	3.5132e-05)
(761.0	3.5163e-05)
(762.0	3.5193e-05)
(763.0	3.5224e-05)
(764.0	3.5254e-05)
(765.0	3.5285e-05)
(766.0	3.5315e-05)
(767.0	3.5346e-05)
(768.0	3.5376e-05)
(769.0	3.5407e-05)
(770.0	3.5437e-05)
(771.0	3.5468e-05)
(772.0	3.5498e-05)
(773.0	3.5529e-05)
(774.0	3.5559e-05)
(775.0	3.559e-05)
(776.0	3.562e-05)
(777.0	3.5651e-05)
(778.0	3.5681e-05)
(779.0	3.5711e-05)
(780.0	3.5742e-05)
(781.0	3.5772e-05)
(782.0	3.5802e-05)
(783.0	3.5833e-05)
(784.0	3.5863e-05)
(785.0	3.5893e-05)
(786.0	3.5924e-05)
(787.0	3.5954e-05)
(788.0	3.5984e-05)
(789.0	3.6015e-05)
(790.0	3.6045e-05)
(791.0	3.6075e-05)
(792.0	3.6105e-05)
(793.0	3.6136e-05)
(794.0	3.6166e-05)
(795.0	3.6196e-05)
(796.0	3.6226e-05)
(797.0	3.6256e-05)
(798.0	3.6286e-05)
(799.0	3.6317e-05)
(800.0	3.6347e-05)
        );
        kappa
        (
(600.0	0.045817)
(601.0	0.045885)
(602.0	0.045953)
(603.0	0.04602)
(604.0	0.046088)
(605.0	0.046156)
(606.0	0.046224)
(607.0	0.046292)
(608.0	0.04636)
(609.0	0.046428)
(610.0	0.046496)
(611.0	0.046564)
(612.0	0.046632)
(613.0	0.0467)
(614.0	0.046768)
(615.0	0.046837)
(616.0	0.046905)
(617.0	0.046973)
(618.0	0.047042)
(619.0	0.04711)
(620.0	0.047179)
(621.0	0.047247)
(622.0	0.047316)
(623.0	0.047385)
(624.0	0.047453)
(625.0	0.047522)
(626.0	0.047591)
(627.0	0.04766)
(628.0	0.047729)
(629.0	0.047797)
(630.0	0.047866)
(631.0	0.047935)
(632.0	0.048004)
(633.0	0.048073)
(634.0	0.048142)
(635.0	0.048212)
(636.0	0.048281)
(637.0	0.04835)
(638.0	0.048419)
(639.0	0.048488)
(640.0	0.048558)
(641.0	0.048627)
(642.0	0.048696)
(643.0	0.048765)
(644.0	0.048835)
(645.0	0.048904)
(646.0	0.048974)
(647.0	0.049043)
(648.0	0.049113)
(649.0	0.049182)
(650.0	0.049252)
(651.0	0.049321)
(652.0	0.049391)
(653.0	0.04946)
(654.0	0.04953)
(655.0	0.0496)
(656.0	0.049669)
(657.0	0.049739)
(658.0	0.049809)
(659.0	0.049879)
(660.0	0.049948)
(661.0	0.050018)
(662.0	0.050088)
(663.0	0.050158)
(664.0	0.050228)
(665.0	0.050298)
(666.0	0.050368)
(667.0	0.050437)
(668.0	0.050507)
(669.0	0.050577)
(670.0	0.050647)
(671.0	0.050717)
(672.0	0.050787)
(673.0	0.050857)
(674.0	0.050927)
(675.0	0.050998)
(676.0	0.051068)
(677.0	0.051138)
(678.0	0.051208)
(679.0	0.051278)
(680.0	0.051348)
(681.0	0.051418)
(682.0	0.051488)
(683.0	0.051559)
(684.0	0.051629)
(685.0	0.051699)
(686.0	0.051769)
(687.0	0.051839)
(688.0	0.05191)
(689.0	0.05198)
(690.0	0.05205)
(691.0	0.05212)
(692.0	0.052191)
(693.0	0.052261)
(694.0	0.052331)
(695.0	0.052402)
(696.0	0.052472)
(697.0	0.052542)
(698.0	0.052613)
(699.0	0.052683)
(700.0	0.052753)
(701.0	0.052824)
(702.0	0.052894)
(703.0	0.052964)
(704.0	0.053035)
(705.0	0.053105)
(706.0	0.053176)
(707.0	0.053246)
(708.0	0.053317)
(709.0	0.053387)
(710.0	0.053457)
(711.0	0.053528)
(712.0	0.053598)
(713.0	0.053669)
(714.0	0.053739)
(715.0	0.05381)
(716.0	0.05388)
(717.0	0.05395)
(718.0	0.054021)
(719.0	0.054091)
(720.0	0.054162)
(721.0	0.054232)
(722.0	0.054303)
(723.0	0.054373)
(724.0	0.054444)
(725.0	0.054514)
(726.0	0.054585)
(727.0	0.054655)
(728.0	0.054726)
(729.0	0.054796)
(730.0	0.054867)
(731.0	0.054937)
(732.0	0.055008)
(733.0	0.055078)
(734.0	0.055149)
(735.0	0.055219)
(736.0	0.05529)
(737.0	0.05536)
(738.0	0.055431)
(739.0	0.055501)
(740.0	0.055572)
(741.0	0.055642)
(742.0	0.055713)
(743.0	0.055783)
(744.0	0.055854)
(745.0	0.055924)
(746.0	0.055995)
(747.0	0.056065)
(748.0	0.056136)
(749.0	0.056206)
(750.0	0.056276)
(751.0	0.056347)
(752.0	0.056417)
(753.0	0.056488)
(754.0	0.056558)
(755.0	0.056629)
(756.0	0.056699)
(757.0	0.05677)
(758.0	0.05684)
(759.0	0.056911)
(760.0	0.056981)
(761.0	0.057051)
(762.0	0.057122)
(763.0	0.057192)
(764.0	0.057263)
(765.0	0.057333)
(766.0	0.057403)
(767.0	0.057474)
(768.0	0.057544)
(769.0	0.057615)
(770.0	0.057685)
(771.0	0.057755)
(772.0	0.057826)
(773.0	0.057896)
(774.0	0.057966)
(775.0	0.058037)
(776.0	0.058107)
(777.0	0.058177)
(778.0	0.058248)
(779.0	0.058318)
(780.0	0.058388)
(781.0	0.058459)
(782.0	0.058529)
(783.0	0.058599)
(784.0	0.05867)
(785.0	0.05874)
(786.0	0.05881)
(787.0	0.05888)
(788.0	0.058951)
(789.0	0.059021)
(790.0	0.059091)
(791.0	0.059161)
(792.0	0.059231)
(793.0	0.059302)
(794.0	0.059372)
(795.0	0.059442)
(796.0	0.059512)
(797.0	0.059582)
(798.0	0.059652)
(799.0	0.059723)
(800.0	0.059793)
        );
    }
}
