/*--------------------------------*- C++ -*----------------------------------*\
  =========                 |
  \\      /  F ield         | OpenFOAM: The Open Source CFD Toolbox
   \\    /   O peration     | Website:  https://openfoam.org
    \\  /    A nd           | Version:  10
     \\/     M anipulation  |
\*---------------------------------------------------------------------------*/

// Isobaric data for CO2 at Pressure = 4.892 MPa

mixture 
{
    specie
    {
        nMoles          1;
        molWeight       44.01;
    }
equationOfState
    {
    	rho
            (
(295.15	131.34)
(296.15	129.66)
(297.15	128.06)
(298.15	126.54)
(299.15	125.09)
(300.15	123.7)
(301.15	122.37)
(302.15	121.09)
(303.15	119.86)
(304.15	118.68)
(305.15	117.53)
(306.15	116.43)
(307.15	115.37)
(308.15	114.33)
(309.15	113.33)
(310.15	112.36)
(311.15	111.42)
(312.15	110.5)
(313.15	109.61)
(314.15	108.75)
(315.15	107.91)
(316.15	107.08)
(317.15	106.28)
(318.15	105.5)
(319.15	104.74)
(320.15	103.99)
(321.15	103.26)
(322.15	102.55)
(323.15	101.86)
(324.15	101.17)
(325.15	100.51)
(326.15	99.852)
(327.15	99.212)
(328.15	98.584)
(329.15	97.969)
(330.15	97.365)
(331.15	96.772)
(332.15	96.191)
(333.15	95.62)
(334.15	95.059)
(335.15	94.509)
(336.15	93.967)
(337.15	93.435)
(338.15	92.912)
(339.15	92.398)
(340.15	91.892)
(341.15	91.394)
(342.15	90.904)
(343.15	90.421)
(344.15	89.946)
(345.15	89.479)
(346.15	89.018)
(347.15	88.564)
(348.15	88.117)
(349.15	87.676)
(350.15	87.241)
(351.15	86.813)
(352.15	86.391)
(353.15	85.974)
(354.15	85.563)
(355.15	85.157)
(356.15	84.757)
(357.15	84.363)
(358.15	83.973)
(359.15	83.588)
(360.15	83.208)
(361.15	82.833)
(362.15	82.463)
(363.15	82.097)
(364.15	81.736)
(365.15	81.379)
(366.15	81.026)
(367.15	80.677)
(368.15	80.333)
(369.15	79.992)
(370.15	79.655)
(371.15	79.322)
(372.15	78.993)
(373.15	78.668)
(374.15	78.346)
(375.15	78.028)
(376.15	77.713)
(377.15	77.401)
(378.15	77.093)
(379.15	76.788)
(380.15	76.487)
(381.15	76.188)
(382.15	75.892)
(383.15	75.6)
(384.15	75.31)
(385.15	75.024)
(386.15	74.74)
(387.15	74.459)
(388.15	74.181)
(389.15	73.905)
(390.15	73.632)
(391.15	73.362)
(392.15	73.094)
(393.15	72.829)
(394.15	72.566)
(395.15	72.306)
(396.15	72.048)
(397.15	71.792)
(398.15	71.539)
(399.15	71.288)
(400.15	71.04)
(401.15	70.793)
(402.15	70.549)
(403.15	70.307)
(404.15	70.066)
(405.15	69.828)
(406.15	69.592)
(407.15	69.359)
(408.15	69.127)
(409.15	68.897)
(410.15	68.668)
(411.15	68.442)
(412.15	68.218)
(413.15	67.995)
(414.15	67.775)
(415.15	67.556)
(416.15	67.339)
(417.15	67.123)
(418.15	66.909)
(419.15	66.697)
(420.15	66.487)
(421.15	66.278)
(422.15	66.071)
(423.15	65.866)
(424.15	65.662)
(425.15	65.459)
(426.15	65.258)
(427.15	65.059)
(428.15	64.861)
(429.15	64.665)
(430.15	64.47)
(431.15	64.276)
(432.15	64.084)
(433.15	63.894)
(434.15	63.704)
(435.15	63.516)
(436.15	63.33)
(437.15	63.144)
(438.15	62.96)
(439.15	62.778)
(440.15	62.596)
(441.15	62.416)
(442.15	62.237)
(443.15	62.06)
(444.15	61.883)
(445.15	61.708)
(446.15	61.534)
(447.15	61.361)
(448.15	61.189)
(449.15	61.019)
(450.15	60.849)
(451.15	60.681)
(452.15	60.514)
(453.15	60.348)
(454.15	60.183)
(455.15	60.019)
(456.15	59.856)
(457.15	59.694)
(458.15	59.533)
(459.15	59.373)
(460.15	59.214)
(461.15	59.057)
(462.15	58.9)
(463.15	58.744)
(464.15	58.589)
(465.15	58.435)
(466.15	58.282)
(467.15	58.13)
(468.15	57.979)
(469.15	57.829)
(470.15	57.68)
(471.15	57.532)
(472.15	57.384)
(473.15	57.238)
(474.15	57.092)
(475.15	56.947)
(476.15	56.803)
(477.15	56.66)
(478.15	56.518)
);
    }    
thermodynamics
    {
        Hf              0;
        Sf              0;
        Cp
            (
(295.15	1958.8)
(296.15	1904.4)
(297.15	1855.6)
(298.15	1811.5)
(299.15	1771.3)
(300.15	1734.7)
(301.15	1701)
(302.15	1670)
(303.15	1641.4)
(304.15	1614.9)
(305.15	1590.2)
(306.15	1567.2)
(307.15	1545.7)
(308.15	1525.5)
(309.15	1506.6)
(310.15	1488.8)
(311.15	1472)
(312.15	1456.1)
(313.15	1441.2)
(314.15	1427)
(315.15	1413.5)
(316.15	1400.7)
(317.15	1388.6)
(318.15	1377.1)
(319.15	1366)
(320.15	1355.5)
(321.15	1345.5)
(322.15	1336)
(323.15	1326.8)
(324.15	1318.1)
(325.15	1309.7)
(326.15	1301.6)
(327.15	1293.9)
(328.15	1286.6)
(329.15	1279.5)
(330.15	1272.6)
(331.15	1266.1)
(332.15	1259.8)
(333.15	1253.7)
(334.15	1247.9)
(335.15	1242.2)
(336.15	1236.8)
(337.15	1231.6)
(338.15	1226.5)
(339.15	1221.7)
(340.15	1217)
(341.15	1212.4)
(342.15	1208)
(343.15	1203.8)
(344.15	1199.7)
(345.15	1195.7)
(346.15	1191.9)
(347.15	1188.2)
(348.15	1184.6)
(349.15	1181.1)
(350.15	1177.7)
(351.15	1174.5)
(352.15	1171.3)
(353.15	1168.2)
(354.15	1165.3)
(355.15	1162.4)
(356.15	1159.6)
(357.15	1156.9)
(358.15	1154.3)
(359.15	1151.7)
(360.15	1149.2)
(361.15	1146.8)
(362.15	1144.5)
(363.15	1142.3)
(364.15	1140.1)
(365.15	1137.9)
(366.15	1135.9)
(367.15	1133.9)
(368.15	1131.9)
(369.15	1130)
(370.15	1128.2)
(371.15	1126.4)
(372.15	1124.7)
(373.15	1123)
(374.15	1121.4)
(375.15	1119.8)
(376.15	1118.3)
(377.15	1116.8)
(378.15	1115.3)
(379.15	1113.9)
(380.15	1112.5)
(381.15	1111.2)
(382.15	1109.9)
(383.15	1108.7)
(384.15	1107.5)
(385.15	1106.3)
(386.15	1105.1)
(387.15	1104)
(388.15	1103)
(389.15	1101.9)
(390.15	1100.9)
(391.15	1099.9)
(392.15	1098.9)
(393.15	1098)
(394.15	1097.1)
(395.15	1096.3)
(396.15	1095.4)
(397.15	1094.6)
(398.15	1093.8)
(399.15	1093)
(400.15	1092.3)
(401.15	1091.6)
(402.15	1090.9)
(403.15	1090.2)
(404.15	1089.5)
(405.15	1088.9)
(406.15	1088.3)
(407.15	1087.7)
(408.15	1087.1)
(409.15	1086.6)
(410.15	1086)
(411.15	1085.5)
(412.15	1085)
(413.15	1084.5)
(414.15	1084.1)
(415.15	1083.6)
(416.15	1083.2)
(417.15	1082.8)
(418.15	1082.4)
(419.15	1082)
(420.15	1081.7)
(421.15	1081.3)
(422.15	1081)
(423.15	1080.7)
(424.15	1080.3)
(425.15	1080.1)
(426.15	1079.8)
(427.15	1079.5)
(428.15	1079.2)
(429.15	1079)
(430.15	1078.8)
(431.15	1078.6)
(432.15	1078.4)
(433.15	1078.2)
(434.15	1078)
(435.15	1077.8)
(436.15	1077.6)
(437.15	1077.5)
(438.15	1077.3)
(439.15	1077.2)
(440.15	1077.1)
(441.15	1077)
(442.15	1076.9)
(443.15	1076.8)
(444.15	1076.7)
(445.15	1076.6)
(446.15	1076.6)
(447.15	1076.5)
(448.15	1076.5)
(449.15	1076.4)
(450.15	1076.4)
(451.15	1076.4)
(452.15	1076.3)
(453.15	1076.3)
(454.15	1076.3)
(455.15	1076.3)
(456.15	1076.4)
(457.15	1076.4)
(458.15	1076.4)
(459.15	1076.4)
(460.15	1076.5)
(461.15	1076.5)
(462.15	1076.6)
(463.15	1076.6)
(464.15	1076.7)
(465.15	1076.8)
(466.15	1076.9)
(467.15	1076.9)
(468.15	1077)
(469.15	1077.1)
(470.15	1077.2)
(471.15	1077.3)
(472.15	1077.4)
(473.15	1077.6)
(474.15	1077.7)
(475.15	1077.8)
(476.15	1077.9)
(477.15	1078.1)
(478.15	1078.2)
);
    }
transport
    {
        mu
            (
(295.15	0.000016394)
(296.15	0.000016415)
(297.15	0.000016438)
(298.15	0.000016462)
(299.15	0.000016488)
(300.15	0.000016515)
(301.15	0.000016543)
(302.15	0.000016573)
(303.15	0.000016603)
(304.15	0.000016635)
(305.15	0.000016667)
(306.15	0.0000167)
(307.15	0.000016733)
(308.15	0.000016767)
(309.15	0.000016802)
(310.15	0.000016837)
(311.15	0.000016873)
(312.15	0.000016909)
(313.15	0.000016946)
(314.15	0.000016983)
(315.15	0.000017021)
(316.15	0.000017058)
(317.15	0.000017096)
(318.15	0.000017135)
(319.15	0.000017173)
(320.15	0.000017212)
(321.15	0.000017251)
(322.15	0.000017291)
(323.15	0.00001733)
(324.15	0.00001737)
(325.15	0.00001741)
(326.15	0.00001745)
(327.15	0.00001749)
(328.15	0.000017531)
(329.15	0.000017571)
(330.15	0.000017612)
(331.15	0.000017653)
(332.15	0.000017694)
(333.15	0.000017735)
(334.15	0.000017776)
(335.15	0.000017818)
(336.15	0.000017859)
(337.15	0.000017901)
(338.15	0.000017942)
(339.15	0.000017984)
(340.15	0.000018026)
(341.15	0.000018067)
(342.15	0.000018109)
(343.15	0.000018151)
(344.15	0.000018193)
(345.15	0.000018235)
(346.15	0.000018278)
(347.15	0.00001832)
(348.15	0.000018362)
(349.15	0.000018404)
(350.15	0.000018446)
(351.15	0.000018489)
(352.15	0.000018531)
(353.15	0.000018573)
(354.15	0.000018616)
(355.15	0.000018658)
(356.15	0.000018701)
(357.15	0.000018743)
(358.15	0.000018786)
(359.15	0.000018828)
(360.15	0.000018871)
(361.15	0.000018913)
(362.15	0.000018956)
(363.15	0.000018999)
(364.15	0.000019041)
(365.15	0.000019084)
(366.15	0.000019126)
(367.15	0.000019169)
(368.15	0.000019212)
(369.15	0.000019254)
(370.15	0.000019297)
(371.15	0.000019339)
(372.15	0.000019382)
(373.15	0.000019425)
(374.15	0.000019467)
(375.15	0.00001951)
(376.15	0.000019553)
(377.15	0.000019595)
(378.15	0.000019638)
(379.15	0.00001968)
(380.15	0.000019723)
(381.15	0.000019766)
(382.15	0.000019808)
(383.15	0.000019851)
(384.15	0.000019893)
(385.15	0.000019936)
(386.15	0.000019978)
(387.15	0.000020021)
(388.15	0.000020063)
(389.15	0.000020106)
(390.15	0.000020148)
(391.15	0.000020191)
(392.15	0.000020233)
(393.15	0.000020276)
(394.15	0.000020318)
(395.15	0.000020361)
(396.15	0.000020403)
(397.15	0.000020445)
(398.15	0.000020488)
(399.15	0.00002053)
(400.15	0.000020572)
(401.15	0.000020615)
(402.15	0.000020657)
(403.15	0.000020699)
(404.15	0.000020741)
(405.15	0.000020784)
(406.15	0.000020826)
(407.15	0.000020868)
(408.15	0.00002091)
(409.15	0.000020952)
(410.15	0.000020994)
(411.15	0.000021036)
(412.15	0.000021078)
(413.15	0.000021121)
(414.15	0.000021163)
(415.15	0.000021205)
(416.15	0.000021246)
(417.15	0.000021288)
(418.15	0.00002133)
(419.15	0.000021372)
(420.15	0.000021414)
(421.15	0.000021456)
(422.15	0.000021498)
(423.15	0.00002154)
(424.15	0.000021581)
(425.15	0.000021623)
(426.15	0.000021665)
(427.15	0.000021707)
(428.15	0.000021748)
(429.15	0.00002179)
(430.15	0.000021832)
(431.15	0.000021873)
(432.15	0.000021915)
(433.15	0.000021956)
(434.15	0.000021998)
(435.15	0.000022039)
(436.15	0.000022081)
(437.15	0.000022122)
(438.15	0.000022164)
(439.15	0.000022205)
(440.15	0.000022246)
(441.15	0.000022288)
(442.15	0.000022329)
(443.15	0.00002237)
(444.15	0.000022411)
(445.15	0.000022453)
(446.15	0.000022494)
(447.15	0.000022535)
(448.15	0.000022576)
(449.15	0.000022617)
(450.15	0.000022658)
(451.15	0.000022699)
(452.15	0.00002274)
(453.15	0.000022781)
(454.15	0.000022822)
(455.15	0.000022863)
(456.15	0.000022904)
(457.15	0.000022945)
(458.15	0.000022986)
(459.15	0.000023027)
(460.15	0.000023068)
(461.15	0.000023108)
(462.15	0.000023149)
(463.15	0.00002319)
(464.15	0.00002323)
(465.15	0.000023271)
(466.15	0.000023312)
(467.15	0.000023352)
(468.15	0.000023393)
(469.15	0.000023433)
(470.15	0.000023474)
(471.15	0.000023514)
(472.15	0.000023555)
(473.15	0.000023595)
(474.15	0.000023636)
(475.15	0.000023676)
(476.15	0.000023716)
(477.15	0.000023757)
(478.15	0.000023797)
);
        kappa
            (
(295.15	0.024222)
(296.15	0.024046)
(297.15	0.023893)
(298.15	0.023758)
(299.15	0.02364)
(300.15	0.023536)
(301.15	0.023446)
(302.15	0.023366)
(303.15	0.023297)
(304.15	0.023237)
(305.15	0.023185)
(306.15	0.023141)
(307.15	0.023103)
(308.15	0.023072)
(309.15	0.023047)
(310.15	0.023026)
(311.15	0.023011)
(312.15	0.023)
(313.15	0.022993)
(314.15	0.02299)
(315.15	0.022991)
(316.15	0.022995)
(317.15	0.023002)
(318.15	0.023012)
(319.15	0.023024)
(320.15	0.02304)
(321.15	0.023057)
(322.15	0.023077)
(323.15	0.023099)
(324.15	0.023123)
(325.15	0.023149)
(326.15	0.023177)
(327.15	0.023207)
(328.15	0.023238)
(329.15	0.02327)
(330.15	0.023304)
(331.15	0.02334)
(332.15	0.023377)
(333.15	0.023415)
(334.15	0.023454)
(335.15	0.023495)
(336.15	0.023536)
(337.15	0.023579)
(338.15	0.023623)
(339.15	0.023667)
(340.15	0.023713)
(341.15	0.023759)
(342.15	0.023807)
(343.15	0.023855)
(344.15	0.023904)
(345.15	0.023953)
(346.15	0.024004)
(347.15	0.024055)
(348.15	0.024107)
(349.15	0.024159)
(350.15	0.024212)
(351.15	0.024266)
(352.15	0.02432)
(353.15	0.024375)
(354.15	0.024431)
(355.15	0.024487)
(356.15	0.024543)
(357.15	0.0246)
(358.15	0.024658)
(359.15	0.024716)
(360.15	0.024774)
(361.15	0.024833)
(362.15	0.024892)
(363.15	0.024952)
(364.15	0.025012)
(365.15	0.025073)
(366.15	0.025134)
(367.15	0.025195)
(368.15	0.025257)
(369.15	0.025319)
(370.15	0.025381)
(371.15	0.025444)
(372.15	0.025507)
(373.15	0.02557)
(374.15	0.025634)
(375.15	0.025698)
(376.15	0.025762)
(377.15	0.025826)
(378.15	0.025891)
(379.15	0.025956)
(380.15	0.026021)
(381.15	0.026087)
(382.15	0.026153)
(383.15	0.026219)
(384.15	0.026285)
(385.15	0.026352)
(386.15	0.026418)
(387.15	0.026485)
(388.15	0.026553)
(389.15	0.02662)
(390.15	0.026688)
(391.15	0.026756)
(392.15	0.026824)
(393.15	0.026892)
(394.15	0.02696)
(395.15	0.027029)
(396.15	0.027098)
(397.15	0.027167)
(398.15	0.027236)
(399.15	0.027305)
(400.15	0.027374)
(401.15	0.027444)
(402.15	0.027514)
(403.15	0.027584)
(404.15	0.027654)
(405.15	0.027724)
(406.15	0.027795)
(407.15	0.027865)
(408.15	0.027936)
(409.15	0.028007)
(410.15	0.028077)
(411.15	0.028149)
(412.15	0.02822)
(413.15	0.028291)
(414.15	0.028363)
(415.15	0.028434)
(416.15	0.028506)
(417.15	0.028578)
(418.15	0.02865)
(419.15	0.028722)
(420.15	0.028794)
(421.15	0.028866)
(422.15	0.028938)
(423.15	0.029011)
(424.15	0.029083)
(425.15	0.029156)
(426.15	0.029229)
(427.15	0.029302)
(428.15	0.029375)
(429.15	0.029448)
(430.15	0.029521)
(431.15	0.029594)
(432.15	0.029667)
(433.15	0.029741)
(434.15	0.029814)
(435.15	0.029888)
(436.15	0.029961)
(437.15	0.030035)
(438.15	0.030109)
(439.15	0.030182)
(440.15	0.030256)
(441.15	0.03033)
(442.15	0.030404)
(443.15	0.030478)
(444.15	0.030552)
(445.15	0.030626)
(446.15	0.030701)
(447.15	0.030775)
(448.15	0.030849)
(449.15	0.030923)
(450.15	0.030997)
(451.15	0.031072)
(452.15	0.031146)
(453.15	0.03122)
(454.15	0.031294)
(455.15	0.031367)
(456.15	0.031439)
(457.15	0.031513)
(458.15	0.031589)
(459.15	0.031665)
(460.15	0.031741)
(461.15	0.031817)
(462.15	0.031894)
(463.15	0.03197)
(464.15	0.032046)
(465.15	0.032122)
(466.15	0.032198)
(467.15	0.032275)
(468.15	0.032351)
(469.15	0.032427)
(470.15	0.032504)
(471.15	0.03258)
(472.15	0.032657)
(473.15	0.032733)
(474.15	0.03281)
(475.15	0.032886)
(476.15	0.032963)
(477.15	0.03304)
(478.15	0.033116)
            );
    }
} 

// ************************************************************************* //
