/*--------------------------------*- C++ -*----------------------------------*\
  =========                 |
  \\      /  F ield         | OpenFOAM: The Open Source CFD Toolbox
   \\    /   O peration     | Website:  https://openfoam.org
    \\  /    A nd           | Version:  10
     \\/     M anipulation  |
\*---------------------------------------------------------------------------*/

// Isobaric data for CO2 at Pressure = 5.990 MPa

mixture 
{
    specie
    {
        nMoles          1;
        molWeight       44.01;
    }
    equationOfState
    {
        rho
        (
(200	209.37)
(295.15	209.37)
(296.15	201.47)
(297.15	195.12)
(298.15	189.77)
(299.15	185.12)
(300.15	181.01)
(301.15	177.31)
(302.15	173.94)
(303.15	170.85)
(304.15	167.99)
(305.15	165.34)
(306.15	162.85)
(307.15	160.51)
(308.15	158.31)
(309.15	156.23)
(310.15	154.25)
(311.15	152.36)
(312.15	150.57)
(313.15	148.85)
(314.15	147.2)
(315.15	145.63)
(316.15	144.11)
(317.15	142.65)
(318.15	141.24)
(319.15	139.88)
(320.15	138.57)
(321.15	137.3)
(322.15	136.07)
(323.15	134.88)
(324.15	133.72)
(325.15	132.6)
(326.15	131.51)
(327.15	130.44)
(328.15	129.41)
(329.15	128.41)
(330.15	127.43)
(331.15	126.47)
(332.15	125.54)
(333.15	124.63)
(334.15	123.74)
(335.15	122.87)
(336.15	122.02)
(337.15	121.19)
(338.15	120.37)
(339.15	119.58)
(340.15	118.8)
(341.15	118.04)
(342.15	117.29)
(343.15	116.55)
(344.15	115.83)
(345.15	115.13)
(346.15	114.43)
(347.15	113.75)
(348.15	113.09)
(349.15	112.43)
(350.15	111.78)
(351.15	111.15)
(352.15	110.53)
(353.15	109.92)
(354.15	109.31)
(355.15	108.72)
(356.15	108.14)
(357.15	107.56)
(358.15	107)
(359.15	106.44)
(360.15	105.89)
(361.15	105.35)
(362.15	104.82)
(363.15	104.3)
(364.15	103.78)
(365.15	103.27)
(366.15	102.77)
(367.15	102.27)
(368.15	101.78)
(369.15	101.3)
(370.15	100.83)
(371.15	100.36)
(372.15	99.893)
(373.15	99.436)
(374.15	98.985)
(375.15	98.54)
(376.15	98.1)
(377.15	97.665)
(378.15	97.236)
(379.15	96.812)
(380.15	96.393)
(381.15	95.979)
(382.15	95.571)
(383.15	95.166)
(384.15	94.767)
(385.15	94.372)
(386.15	93.981)
(387.15	93.595)
(388.15	93.214)
(389.15	92.836)
(390.15	92.462)
(391.15	92.093)
(392.15	91.728)
(393.15	91.366)
(394.15	91.008)
(395.15	90.654)
(396.15	90.304)
(397.15	89.957)
(398.15	89.614)
(399.15	89.274)
(400.15	88.938)
(401.15	88.605)
(402.15	88.275)
(403.15	87.949)
(404.15	87.626)
(405.15	87.305)
(406.15	86.988)
(407.15	86.674)
(408.15	86.363)
(409.15	86.055)
(410.15	85.749)
(411.15	85.447)
(412.15	85.147)
(413.15	84.85)
(414.15	84.556)
(415.15	84.264)
(416.15	83.975)
(417.15	83.688)
(418.15	83.404)
(419.15	83.122)
(420.15	82.843)
(421.15	82.566)
(422.15	82.292)
(423.15	82.02)
(424.15	81.75)
(425.15	81.482)
(426.15	81.217)
(427.15	80.953)
(428.15	80.692)
(429.15	80.433)
(430.15	80.177)
(431.15	79.922)
(432.15	79.669)
(433.15	79.418)
(434.15	79.17)
(435.15	78.923)
(436.15	78.678)
(437.15	78.435)
(438.15	78.194)
(439.15	77.955)
(440.15	77.717)
(441.15	77.482)
(442.15	77.248)
(443.15	77.016)
(444.15	76.785)
(445.15	76.556)
(446.15	76.329)
(447.15	76.104)
(448.15	75.88)
(449.15	75.658)
(450.15	75.438)
(451.15	75.219)
(452.15	75.001)
(453.15	74.785)
(454.15	74.571)
(455.15	74.358)
(456.15	74.147)
(457.15	73.937)
(458.15	73.729)
(459.15	73.522)
(460.15	73.316)
(461.15	73.112)
(462.15	72.909)
(463.15	72.708)
(464.15	72.507)
(465.15	72.309)
(466.15	72.111)
(467.15	71.915)
(468.15	71.72)
(469.15	71.526)
(470.15	71.334)
(471.15	71.143)
(472.15	70.953)
(473.15	70.764)
(474.15	70.577)
(475.15	70.391)
(476.15	70.206)
(477.15	70.022)
(478.15	69.839)
(600	69.839)	
        );
    }  
thermodynamics
    {
        Hf              0;
        Sf              0;
        Cp
(
(200	5342.2)
(295.15	5342.2)
(296.15	4407.2)
(297.15	3837.9)
(298.15	3446.2)
(299.15	3156.6)
(300.15	2932)
(301.15	2751.8)
(302.15	2603.4)
(303.15	2478.7)
(304.15	2372.3)
(305.15	2280.3)
(306.15	2199.7)
(307.15	2128.5)
(308.15	2065.1)
(309.15	2008.2)
(310.15	1956.8)
(311.15	1910.2)
(312.15	1867.7)
(313.15	1828.7)
(314.15	1792.8)
(315.15	1759.6)
(316.15	1728.9)
(317.15	1700.4)
(318.15	1673.8)
(319.15	1648.9)
(320.15	1625.7)
(321.15	1603.8)
(322.15	1583.3)
(323.15	1564)
(324.15	1545.7)
(325.15	1528.5)
(326.15	1512.2)
(327.15	1496.7)
(328.15	1482)
(329.15	1468.1)
(330.15	1454.8)
(331.15	1442.2)
(332.15	1430.1)
(333.15	1418.7)
(334.15	1407.7)
(335.15	1397.2)
(336.15	1387.1)
(337.15	1377.5)
(338.15	1368.3)
(339.15	1359.4)
(340.15	1350.9)
(341.15	1342.8)
(342.15	1334.9)
(343.15	1327.4)
(344.15	1320.1)
(345.15	1313.1)
(346.15	1306.4)
(347.15	1299.9)
(348.15	1293.6)
(349.15	1287.6)
(350.15	1281.8)
(351.15	1276.1)
(352.15	1270.7)
(353.15	1265.4)
(354.15	1260.3)
(355.15	1255.4)
(356.15	1250.7)
(357.15	1246.1)
(358.15	1241.6)
(359.15	1237.3)
(360.15	1233.1)
(361.15	1229)
(362.15	1225.1)
(363.15	1221.3)
(364.15	1217.6)
(365.15	1214)
(366.15	1210.6)
(367.15	1207.2)
(368.15	1203.9)
(369.15	1200.7)
(370.15	1197.6)
(371.15	1194.6)
(372.15	1191.7)
(373.15	1188.9)
(374.15	1186.2)
(375.15	1183.5)
(376.15	1180.9)
(377.15	1178.4)
(378.15	1175.9)
(379.15	1173.6)
(380.15	1171.2)
(381.15	1169)
(382.15	1166.8)
(383.15	1164.7)
(384.15	1162.6)
(385.15	1160.6)
(386.15	1158.6)
(387.15	1156.7)
(388.15	1154.9)
(389.15	1153.1)
(390.15	1151.3)
(391.15	1149.6)
(392.15	1148)
(393.15	1146.3)
(394.15	1144.8)
(395.15	1143.2)
(396.15	1141.8)
(397.15	1140.3)
(398.15	1138.9)
(399.15	1137.5)
(400.15	1136.2)
(401.15	1134.9)
(402.15	1133.6)
(403.15	1132.4)
(404.15	1131.2)
(405.15	1130)
(406.15	1128.9)
(407.15	1127.8)
(408.15	1126.7)
(409.15	1125.7)
(410.15	1124.7)
(411.15	1123.7)
(412.15	1122.8)
(413.15	1121.8)
(414.15	1120.9)
(415.15	1120)
(416.15	1119.2)
(417.15	1118.4)
(418.15	1117.5)
(419.15	1116.8)
(420.15	1116)
(421.15	1115.3)
(422.15	1114.5)
(423.15	1113.8)
(424.15	1113.2)
(425.15	1112.5)
(426.15	1111.9)
(427.15	1111.3)
(428.15	1110.7)
(429.15	1110.1)
(430.15	1109.5)
(431.15	1109)
(432.15	1108.5)
(433.15	1107.9)
(434.15	1107.4)
(435.15	1107)
(436.15	1106.5)
(437.15	1106.1)
(438.15	1105.6)
(439.15	1105.2)
(440.15	1104.8)
(441.15	1104.4)
(442.15	1104.1)
(443.15	1103.7)
(444.15	1103.3)
(445.15	1103)
(446.15	1102.7)
(447.15	1102.4)
(448.15	1102.1)
(449.15	1101.8)
(450.15	1101.5)
(451.15	1101.3)
(452.15	1101)
(453.15	1100.8)
(454.15	1100.6)
(455.15	1100.3)
(456.15	1100.1)
(457.15	1099.9)
(458.15	1099.7)
(459.15	1099.6)
(460.15	1099.4)
(461.15	1099.2)
(462.15	1099.1)
(463.15	1099)
(464.15	1098.8)
(465.15	1098.7)
(466.15	1098.6)
(467.15	1098.5)
(468.15	1098.4)
(469.15	1098.3)
(470.15	1098.2)
(471.15	1098.2)
(472.15	1098.1)
(473.15	1098)
(474.15	1098)
(475.15	1098)
(476.15	1097.9)
(477.15	1097.9)
(478.15	1097.9)
(600	1097.9)
);
    }
transport
    {
        mu
            (
(200	0.000018416)
(295.15	0.000018416)
(296.15	0.000018229)
(297.15	0.000018096)
(298.15	0.000017998)
(299.15	0.000017923)
(300.15	0.000017865)
(301.15	0.000017821)
(302.15	0.000017786)
(303.15	0.000017761)
(304.15	0.000017743)
(305.15	0.00001773)
(306.15	0.000017722)
(307.15	0.000017719)
(308.15	0.00001772)
(309.15	0.000017724)
(310.15	0.000017731)
(311.15	0.00001774)
(312.15	0.000017752)
(313.15	0.000017766)
(314.15	0.000017782)
(315.15	0.000017799)
(316.15	0.000017818)
(317.15	0.000017839)
(318.15	0.00001786)
(319.15	0.000017883)
(320.15	0.000017907)
(321.15	0.000017932)
(322.15	0.000017958)
(323.15	0.000017985)
(324.15	0.000018013)
(325.15	0.000018041)
(326.15	0.00001807)
(327.15	0.0000181)
(328.15	0.00001813)
(329.15	0.000018161)
(330.15	0.000018193)
(331.15	0.000018225)
(332.15	0.000018257)
(333.15	0.00001829)
(334.15	0.000018323)
(335.15	0.000018357)
(336.15	0.000018391)
(337.15	0.000018425)
(338.15	0.00001846)
(339.15	0.000018495)
(340.15	0.00001853)
(341.15	0.000018566)
(342.15	0.000018602)
(343.15	0.000018638)
(344.15	0.000018674)
(345.15	0.000018711)
(346.15	0.000018748)
(347.15	0.000018785)
(348.15	0.000018822)
(349.15	0.000018859)
(350.15	0.000018897)
(351.15	0.000018935)
(352.15	0.000018972)
(353.15	0.00001901)
(354.15	0.000019049)
(355.15	0.000019087)
(356.15	0.000019125)
(357.15	0.000019164)
(358.15	0.000019203)
(359.15	0.000019241)
(360.15	0.00001928)
(361.15	0.000019319)
(362.15	0.000019358)
(363.15	0.000019397)
(364.15	0.000019437)
(365.15	0.000019476)
(366.15	0.000019515)
(367.15	0.000019555)
(368.15	0.000019595)
(369.15	0.000019634)
(370.15	0.000019674)
(371.15	0.000019714)
(372.15	0.000019753)
(373.15	0.000019793)
(374.15	0.000019833)
(375.15	0.000019873)
(376.15	0.000019913)
(377.15	0.000019953)
(378.15	0.000019993)
(379.15	0.000020034)
(380.15	0.000020074)
(381.15	0.000020114)
(382.15	0.000020154)
(383.15	0.000020194)
(384.15	0.000020235)
(385.15	0.000020275)
(386.15	0.000020316)
(387.15	0.000020356)
(388.15	0.000020396)
(389.15	0.000020437)
(390.15	0.000020477)
(391.15	0.000020518)
(392.15	0.000020558)
(393.15	0.000020599)
(394.15	0.000020639)
(395.15	0.00002068)
(396.15	0.00002072)
(397.15	0.000020761)
(398.15	0.000020801)
(399.15	0.000020842)
(400.15	0.000020883)
(401.15	0.000020923)
(402.15	0.000020964)
(403.15	0.000021004)
(404.15	0.000021045)
(405.15	0.000021086)
(406.15	0.000021126)
(407.15	0.000021167)
(408.15	0.000021207)
(409.15	0.000021248)
(410.15	0.000021289)
(411.15	0.000021329)
(412.15	0.00002137)
(413.15	0.00002141)
(414.15	0.000021451)
(415.15	0.000021492)
(416.15	0.000021532)
(417.15	0.000021573)
(418.15	0.000021613)
(419.15	0.000021654)
(420.15	0.000021694)
(421.15	0.000021735)
(422.15	0.000021776)
(423.15	0.000021816)
(424.15	0.000021857)
(425.15	0.000021897)
(426.15	0.000021938)
(427.15	0.000021978)
(428.15	0.000022019)
(429.15	0.000022059)
(430.15	0.000022099)
(431.15	0.00002214)
(432.15	0.00002218)
(433.15	0.000022221)
(434.15	0.000022261)
(435.15	0.000022301)
(436.15	0.000022342)
(437.15	0.000022382)
(438.15	0.000022422)
(439.15	0.000022463)
(440.15	0.000022503)
(441.15	0.000022543)
(442.15	0.000022584)
(443.15	0.000022624)
(444.15	0.000022664)
(445.15	0.000022704)
(446.15	0.000022744)
(447.15	0.000022785)
(448.15	0.000022825)
(449.15	0.000022865)
(450.15	0.000022905)
(451.15	0.000022945)
(452.15	0.000022985)
(453.15	0.000023025)
(454.15	0.000023065)
(455.15	0.000023105)
(456.15	0.000023145)
(457.15	0.000023185)
(458.15	0.000023225)
(459.15	0.000023265)
(460.15	0.000023305)
(461.15	0.000023345)
(462.15	0.000023385)
(463.15	0.000023425)
(464.15	0.000023464)
(465.15	0.000023504)
(466.15	0.000023544)
(467.15	0.000023584)
(468.15	0.000023624)
(469.15	0.000023663)
(470.15	0.000023703)
(471.15	0.000023743)
(472.15	0.000023782)
(473.15	0.000023822)
(474.15	0.000023862)
(475.15	0.000023901)
(476.15	0.000023941)
(477.15	0.00002398)
(478.15	0.00002402)
(600	0.00002402)
);
        kappa
            (
(200	0.038493)
(295.15	0.038493)
(296.15	0.035722)
(297.15	0.03386)
(298.15	0.032488)
(299.15	0.031422)
(300.15	0.030566)
(301.15	0.02986)
(302.15	0.029268)
(303.15	0.028764)
(304.15	0.028331)
(305.15	0.027955)
(306.15	0.027626)
(307.15	0.027337)
(308.15	0.027082)
(309.15	0.026855)
(310.15	0.026653)
(311.15	0.026474)
(312.15	0.026313)
(313.15	0.026169)
(314.15	0.026041)
(315.15	0.025926)
(316.15	0.025823)
(317.15	0.025731)
(318.15	0.025649)
(319.15	0.025576)
(320.15	0.025511)
(321.15	0.025454)
(322.15	0.025403)
(323.15	0.02536)
(324.15	0.025322)
(325.15	0.025289)
(326.15	0.025262)
(327.15	0.025239)
(328.15	0.025221)
(329.15	0.025206)
(330.15	0.025196)
(331.15	0.025189)
(332.15	0.025186)
(333.15	0.025185)
(334.15	0.025188)
(335.15	0.025194)
(336.15	0.025202)
(337.15	0.025212)
(338.15	0.025225)
(339.15	0.02524)
(340.15	0.025258)
(341.15	0.025277)
(342.15	0.025298)
(343.15	0.025321)
(344.15	0.025346)
(345.15	0.025373)
(346.15	0.025401)
(347.15	0.02543)
(348.15	0.025461)
(349.15	0.025493)
(350.15	0.025527)
(351.15	0.025562)
(352.15	0.025598)
(353.15	0.025635)
(354.15	0.025673)
(355.15	0.025713)
(356.15	0.025753)
(357.15	0.025795)
(358.15	0.025837)
(359.15	0.02588)
(360.15	0.025924)
(361.15	0.025969)
(362.15	0.026015)
(363.15	0.026062)
(364.15	0.026109)
(365.15	0.026157)
(366.15	0.026206)
(367.15	0.026255)
(368.15	0.026305)
(369.15	0.026356)
(370.15	0.026407)
(371.15	0.026459)
(372.15	0.026512)
(373.15	0.026565)
(374.15	0.026619)
(375.15	0.026673)
(376.15	0.026728)
(377.15	0.026783)
(378.15	0.026838)
(379.15	0.026895)
(380.15	0.026951)
(381.15	0.027008)
(382.15	0.027066)
(383.15	0.027124)
(384.15	0.027182)
(385.15	0.027241)
(386.15	0.0273)
(387.15	0.027359)
(388.15	0.027419)
(389.15	0.027479)
(390.15	0.02754)
(391.15	0.0276)
(392.15	0.027662)
(393.15	0.027723)
(394.15	0.027785)
(395.15	0.027847)
(396.15	0.02791)
(397.15	0.027972)
(398.15	0.028035)
(399.15	0.028099)
(400.15	0.028162)
(401.15	0.028226)
(402.15	0.02829)
(403.15	0.028354)
(404.15	0.028419)
(405.15	0.028484)
(406.15	0.028549)
(407.15	0.028614)
(408.15	0.028679)
(409.15	0.028745)
(410.15	0.028811)
(411.15	0.028877)
(412.15	0.028943)
(413.15	0.02901)
(414.15	0.029077)
(415.15	0.029144)
(416.15	0.029211)
(417.15	0.029278)
(418.15	0.029345)
(419.15	0.029413)
(420.15	0.029481)
(421.15	0.029549)
(422.15	0.029617)
(423.15	0.029685)
(424.15	0.029754)
(425.15	0.029822)
(426.15	0.029891)
(427.15	0.02996)
(428.15	0.030029)
(429.15	0.030098)
(430.15	0.030167)
(431.15	0.030237)
(432.15	0.030306)
(433.15	0.030376)
(434.15	0.030446)
(435.15	0.030516)
(436.15	0.030586)
(437.15	0.030656)
(438.15	0.030726)
(439.15	0.030796)
(440.15	0.030867)
(441.15	0.030937)
(442.15	0.031008)
(443.15	0.031079)
(444.15	0.031149)
(445.15	0.03122)
(446.15	0.031291)
(447.15	0.031362)
(448.15	0.031433)
(449.15	0.031504)
(450.15	0.031575)
(451.15	0.031646)
(452.15	0.031717)
(453.15	0.031787)
(454.15	0.031858)
(455.15	0.031928)
(456.15	0.031994)
(457.15	0.032066)
(458.15	0.03214)
(459.15	0.032213)
(460.15	0.032287)
(461.15	0.032361)
(462.15	0.032435)
(463.15	0.032509)
(464.15	0.032583)
(465.15	0.032657)
(466.15	0.032731)
(467.15	0.032805)
(468.15	0.032879)
(469.15	0.032954)
(470.15	0.033028)
(471.15	0.033103)
(472.15	0.033177)
(473.15	0.033252)
(474.15	0.033326)
(475.15	0.033401)
(476.15	0.033476)
(477.15	0.03355)
(478.15	0.033625)
(600	0.033625)
);
    }
} 

// ************************************************************************* //
