// Isobaric data for liquid sodium at Pressure = 0.3 MPa

mixture
{
    specie
    {
        nMoles          1;
        molWeight       22.99;
    }
    equationOfState
    {
        rho
        (
(606.77	872.63)
(616.94	870.36)
(627.1	868.08)
(637.27	865.89)
(647.43	863.68)
(657.6	861.43)
(667.76	859.16)
(677.93	856.97)
(688.09	854.72)
(698.26	852.47)
(708.42	850.10)
(718.59	847.68)
(728.75	845.24)
(738.92	842.81)
(749.09	840.37)
(759.25	837.98)
(769.42	835.50)
(779.58	833.08)
(789.75	830.62)
(799.91	828.19)
        );
    }
    thermodynamics
    {
        Hf              0;
        Sf              0;
        Cp
        (
(608.62	1299.07)
(618.32	1296.67)
(629.16	1294.14)
(639.32	1291.65)
(649.49	1289.26)
(659.65	1286.83)
(668.69	1284.64)
(680.42	1281.87)
(690.75	1279.36)
(700.34	1277.20)
(710.68	1275.37)
(720.32	1273.70)
(730.49	1272.05)
(740.97	1270.58)
(750.47	1268.58)
(761.3	1266.76)
(770.8	1265.14)
(781.17	1263.40)
(791.59	1261.61)
(802.22	1260.11)
        );
    }
    transport
    {
        mu
        (
(602.51	0.003201)
(612.21	0.003131)
(621.91	0.003064)
(631.62	0.003002)
(641.32	0.002944)
(651.02	0.002889)
(660.72	0.002837)
(670.42	0.002789)
(680.12	0.002742)
(689.82	0.002697)
(699.52	0.002657)
(709.23	0.002616)
(718.93	0.002579)
(728.63	0.002543)
(738.33	0.002508)
(748.03	0.002473)
(757.73	0.002442)
(767.43	0.002409)
(777.14	0.002378)
(786.84	0.002346)
(796.54	0.002315)
(806.24	0.002283)
        );
        kappa
        (
(598.89	73.79)
(608.59	73.23)
(618.39	72.67)
(628.19	72.12)
(638.12	71.55)
(647.82	71.00)
(657.49	70.45)
(667.38	69.89)
(677.59	69.31)
(686.98	68.77)
(696.68	68.23)
(705.31	67.72)
(717.36	67.15)
(727.06	66.66)
(736.76	66.15)
(746.82	65.65)
(755.86	65.18)
(766.06	64.66)
(775.76	64.17)
(785.46	63.67)
(795.17	63.18)
(804.87	62.71)
(814.57	62.26)
(824.27	61.83)
(833.47	61.41)
(842.40	61.02)
        );
    }
}
